Employee Salary	Months of Experience	Gender
70.124,00 ?	46	1
66.992,00 ?	13	1
71.922,00 ?	60	1
68.601,00 ?	21	1
76.875,00 ?	116	1
73.400,00 ?	107	1
67.298,00 ?	1	1
67.658,00 ?	35	1
66.406,00 ?	21	1
70.026,00 ?	42	1
73.563,00 ?	110	1
68.640,00 ?	55	1
68.108,00 ?	41	1
73.191,00 ?	87	1
73.341,00 ?	85	1
71.398,00 ?	71	1
69.468,00 ?	22	1
67.032,00 ?	9	1
68.850,00 ?	31	1
75.913,00 ?	110	1
67.037,00 ?	33	1
67.368,00 ?	19	1
74.189,00 ?	91	1
69.239,00 ?	28	1
71.593,00 ?	77	1
72.018,00 ?	85	1
75.740,00 ?	117	1
65.937,00 ?	1	1
73.667,00 ?	107	1
68.294,00 ?	32	1
71.326,00 ?	60	1
70.057,00 ?	49	1
68.118,00 ?	26	1
71.977,00 ?	64	1
74.733,00 ?	102	1
72.748,00 ?	86	1
68.196,00 ?	31	1
72.608,00 ?	81	1
71.292,00 ?	64	1
73.379,00 ?	68	1
72.589,00 ?	84	1
75.703,00 ?	116	1
67.596,00 ?	31	1
73.741,00 ?	84	1
66.971,00 ?	32	1
68.632,00 ?	29	1
74.378,00 ?	112	1
67.044,00 ?	8	1
73.462,00 ?	98	1
67.384,00 ?	21	1
67.656,00 ?	14	1
72.205,00 ?	78	1
69.055,00 ?	64	1
75.575,00 ?	106	1
68.953,00 ?	51	1
66.951,00 ?	6	1
67.412,00 ?	22	1
76.880,00 ?	116	1
73.196,00 ?	88	1
69.659,00 ?	57	1
71.193,00 ?	70	1
72.193,00 ?	92	1
68.551,00 ?	52	1
70.905,00 ?	53	1
69.103,00 ?	31	1
71.531,00 ?	75	1
75.579,00 ?	110	1
72.671,00 ?	97	1
66.737,00 ?	16	1
69.271,00 ?	61	1
73.956,00 ?	84	1
71.922,00 ?	82	1
72.911,00 ?	84	1
66.874,00 ?	17	1
72.023,00 ?	63	1
75.069,00 ?	98	1
69.612,00 ?	49	1
69.473,00 ?	67	1
69.454,00 ?	37	1
70.989,00 ?	60	1
69.465,00 ?	45	1
71.310,00 ?	83	1
69.078,00 ?	29	1
67.817,00 ?	41	1
74.257,00 ?	94	1
69.623,00 ?	39	1
67.339,00 ?	21	1
68.353,00 ?	21	1
73.282,00 ?	98	1
67.810,00 ?	5	1
74.388,00 ?	112	1
72.916,00 ?	92	1
72.284,00 ?	99	1
68.283,00 ?	44	1
68.929,00 ?	28	1
70.262,00 ?	63	1
69.757,00 ?	34	1
70.520,00 ?	55	1
70.446,00 ?	48	1
76.932,00 ?	117	1
69.072,00 ?	64	1
70.438,00 ?	67	1
74.119,00 ?	117	1
66.339,00 ?	15	1
74.483,00 ?	104	1
76.492,00 ?	107	1
70.124,00 ?	24	1
68.274,00 ?	29	1
75.993,00 ?	110	1
72.503,00 ?	82	1
67.477,00 ?	37	1
68.225,00 ?	58	1
74.341,00 ?	104	1
70.785,00 ?	48	1
73.962,00 ?	98	1
68.046,00 ?	27	1
70.684,00 ?	61	1
67.878,00 ?	23	1
68.606,00 ?	35	1
67.251,00 ?	14	1
68.830,00 ?	86	0
65.555,00 ?	63	0
69.947,00 ?	102	0
66.667,00 ?	82	0
62.145,00 ?	22	0
70.890,00 ?	120	0
70.909,00 ?	108	0
63.832,00 ?	32	0
61.397,00 ?	10	0
66.563,00 ?	67	0
71.851,00 ?	119	0
63.587,00 ?	16	0
64.028,00 ?	37	0
66.882,00 ?	69	0
66.273,00 ?	69	0
62.701,00 ?	25	0
67.892,00 ?	68	0
71.482,00 ?	118	0
67.971,00 ?	99	0
65.637,00 ?	56	0
65.622,00 ?	45	0
64.324,00 ?	43	0
65.508,00 ?	49	0
66.572,00 ?	64	0
69.128,00 ?	95	0
64.571,00 ?	32	0
64.496,00 ?	25	0
71.373,00 ?	120	0
67.773,00 ?	87	0
65.600,00 ?	61	0
64.394,00 ?	51	0
62.486,00 ?	27	0
63.580,00 ?	36	0
70.118,00 ?	105	0
62.249,00 ?	25	0
65.659,00 ?	51	0
71.222,00 ?	115	0
68.820,00 ?	87	0
66.562,00 ?	73	0
67.010,00 ?	81	0
67.787,00 ?	93	0
67.177,00 ?	82	0
67.679,00 ?	86	0
69.253,00 ?	110	0
65.776,00 ?	61	0
65.042,00 ?	48	0
67.042,00 ?	67	0
67.495,00 ?	72	0
65.906,00 ?	69	0
71.100,00 ?	113	0
70.314,00 ?	104	0
64.844,00 ?	51	0
66.410,00 ?	63	0
66.867,00 ?	66	0
62.229,00 ?	20	0
68.090,00 ?	98	0
70.805,00 ?	105	0
65.075,00 ?	43	0
65.182,00 ?	64	0
69.637,00 ?	99	0
68.322,00 ?	75	0
62.408,00 ?	16	0
67.541,00 ?	70	0
62.967,00 ?	15	0
62.333,00 ?	14	0
63.494,00 ?	35	0
71.171,00 ?	109	0
63.651,00 ?	41	0
67.152,00 ?	67	0
61.522,00 ?	14	0
62.099,00 ?	13	0
64.450,00 ?	52	0
65.838,00 ?	50	0
65.695,00 ?	59	0
69.930,00 ?	96	0
69.390,00 ?	90	0
65.344,00 ?	40	0
70.227,00 ?	100	0
67.920,00 ?	94	0
62.834,00 ?	18	0
66.682,00 ?	66	0
64.722,00 ?	43	0
65.334,00 ?	64	0
70.123,00 ?	111	0
64.829,00 ?	56	0
65.442,00 ?	42	0
68.817,00 ?	80	0
68.390,00 ?	81	0
70.778,00 ?	104	0
71.041,00 ?	110	0
68.365,00 ?	90	0
70.006,00 ?	119	0
61.564,00 ?	9	0
65.723,00 ?	65	0
66.715,00 ?	56	0
71.130,00 ?	120	0
68.843,00 ?	108	0
68.689,00 ?	93	0
70.899,00 ?	111	0
64.587,00 ?	50	0
63.966,00 ?	27	0
62.847,00 ?	17	0
69.559,00 ?	109	0
66.005,00 ?	45	0
70.061,00 ?	102	0
64.418,00 ?	42	0
63.742,00 ?	28	0
65.736,00 ?	51	0
71.015,00 ?	116	0
70.347,00 ?	101	0
66.727,00 ?	79	0
63.984,00 ?	27	0
69.717,00 ?	96	0
63.845,00 ?	35	0
69.154,00 ?	101	0
70.035,00 ?	119	0
70.166,00 ?	118	0
67.221,00 ?	62	0
63.853,00 ?	48	0
68.602,00 ?	89	0
